12
59
96
110
124
140
170
177
199
245
366
391
446
469
514
517
579
599
663
701
730
773
778
813
853
872
890
905
906
908
930
965
979
1022
1068
1128
1150
1160
1192
1230
1252
1269
1273
1282
1302
1310
1315
1363
1432
1587
1608
1630
1645
1698
1706
1711
1716
1744
1752
1753
1778
1780
1781
1796
1838
1861
1869
1885
1925
1967
1973
2031
2048
2057
2060
2081
2117
2133
2167
2179
2186
2192
2193
2207
2257
2305
2339
2342
2346
2347
2384
2391
2491
2498
2538
2557
2559
2583
2637
2641
2661
2761
2793
2801
2807
2817
2829
2833
2881
2907
3021
3037
3063
3076
3122
3130
3134
3139
3176
3204
3246
3273
3275
3300
3326
3333
3335
3343
3355
3386
3397
3466
3471
3481
3527
3618
3623
3632
3660
3665
3672
3803
3804
3817
3874
3880
3883
3905
3948
3951
4006
4017
4078
4083
4095
4107
4116
4143
4152
4184
4196
4215
4265
4298
4321
4346
4361
4410
4452
4461
4519
4527
4538
4547
4612
4685
4700
4722
4730
4732
4744
4747
4758
4808
4810
4827
4833
4836
4860
4862
4863
4867
4873
4879
4936
4971
4993
5021
5072
5091
5104
5108
5119
5151
5171
5173
5182
5255
5279
5312
5314
5338
5391
5415
5419
5420
5474
5476
5487
5493
5496
5510
5556
5577
5617
5678
5875
5899
5924
5932
5962
6004
6019
6020
6047
6056
6161
6213
6217
6241
6247
6250
6259
6266
6282
6302
6364
6386
6393
6460
6485
6489
6505
6523
6535
6559
6624
6712
6737
6746
6780
6867
6875
6890
6898
6904
6918
6921
6957
7002
7013
7015
7040
7041
7077
7078
7113
7114
7141
7175
7215
7319
7332
7350
7351
7424
7507
7509
7542
7569
7571
7640
7656
7677
7692
7719
7723
7747
7766
7778
7786
7808
7839
7874
7885
7902
7999
8023
8040
8046
8074
8086
8092
8109
8167
8171
8177
8244
8353
8394
8406
8480
8493
8505
8517
8531
8535
8556
8560
8579
8584
8672
8681
8722
8723
8739
8756
8796
8798
8804
8838
8849
8858
8882
8885
8918
8978
8983
8997
9012
9023
9054
9121
9131
9276
9292
9305
9323
9334
9337
9432
9466
9533
9593
9617
9631
9716
9725
9745
9766
9804
9908
9957
9971
10009
10061
10145
10517
10535
10676
10747
10878
11047
11069
11111
11153
11211
11227
11292
11309
11355
11430
11479
11501
11658
11699
11780
11794
11804
11829
11956
11958
11997
12041
12114
12135
12184
12198
12319
12331
12346
12356
12385
12411
12427
12517
12580
12600
12622
12638
12641
12643
12659
12694
12725
12786
12832
12878
12890
12894
12904
12939
12940
13012
13039
13048
13082
13150
13194
13234
13269
13305
13312
13315
13494
13496
13507
13515
13524
13542
13549
13552
13590
13593
13665
13712
13736
13743
13844
13900
13954
13968
14032
14089
14148
14163
14240
14274
14362
14400
14443
14445
14453
14502
14565
14688
14710
14741
14821
14846
14861
14894
14914
14972
14978
14986
15003
15040
15079
15177
15181
15195
15226
15228
15258
15344
15399
15406
15411
15458
15495
15504
15531
15546
15556
15584
15586
15599
15602
15642
15644
15670
15682
15742
15764
15765
15809
15816
15818
15878
15951
16011
16065
16086
16108
16129
16190
16191
16213
16263
16341
16453
16513
16515
